0 0.603125 0.61875 0.053125 0.36328125
1 0.2234375 0.2046875 0.090625 0.133984375
1 0.61171875 0.19375 0.089453125 0.212890625
1 0.796875 0.39375 0.078515625 0.124609375
1 0.84453125 0.509375 0.044921875 0.047265625
1 0.84609375 0.87421875 0.067578125 0.151171875
1 0.34296875 0.93984375 0.0546875 0.076171875
1 0.075 0.47578125 0.062109375 0.104296875
1 0.71640625 0.728125 0.073046875 0.093359375
1 0.059375 0.95 0.059765625 0.099609375
1 0.315625 0.30625 0.065234375 0.125390625
1 0.43359375 0.13671875 0.0421875 0.079296875
1 0.46640625 0.33671875 0.035546875 0.0609375
1 0.46875 0.5140625 0.050390625 0.08984375
1 0.25703125 0.63125 0.029296875 0.08671875
1 0.12734375 0.678125 0.038671875 0.084375
1 0.896875 0.70859375 0.047265625 0.0640625
1 0.89609375 0.58203125 0.0609375 0.0921875
1 0.40078125 0.75078125 0.030078125 0.059375
1 0.72421875 0.05625 0.114453125 0.103515625
1 0.1640625 0.25625 0.12265625 0.234375
1 0.39140625 0.32109375 0.023828125 0.070703125