1 0.428125 0.30703125 0.16328125 0.276953125
1 0.77890625 0.61796875 0.2578125 0.7140625
1 0.3234375 0.5375 0.1875 0.358984375
1 0.60078125 0.5796875 0.088671875 0.359765625
1 0.29140625 0.92890625 0.179296875 0.1421875
1 0.1359375 0.75703125 0.11484375 0.120703125
1 0.1015625 0.3515625 0.102734375 0.15
1 0.30078125 0.05078125 0.0578125 0.1015625
1 0.571875 0.16171875 0.05 0.0890625
1 0.89921875 0.1125 0.051953125 0.071484375
1 0.85 0.20078125 0.062109375 0.101953125
1 0.76640625 0.0359375 0.0515625 0.071875
1 0.1796875 0.225 0.09140625 0.109375
1 0.16015625 0.05234375 0.198828125 0.1046875
1 0.5828125 0.02734375 0.068359375 0.0546875
1 0.46953125 0.75546875 0.103125 0.346875