0 0.13359375 0.11953125 0.265625 0.2390625
1 0.74765625 0.6640625 0.1140625 0.271484375
1 0.228125 0.8390625 0.171875 0.247265625
1 0.409375 0.68671875 0.13828125 0.386328125
1 0.5390625 0.175 0.293359375 0.349609375
1 0.5234375 0.4609375 0.10390625 0.20390625
1 0.4734375 0.90546875 0.15625 0.1890625
1 0.90078125 0.61796875 0.063671875 0.183203125
1 0.98125 0.675 0.0375 0.203125
1 0.05625 0.32109375 0.1125 0.2875
1 0.2328125 0.62109375 0.071484375 0.126171875
1 0.53984375 0.16796875 0.289453125 0.320703125