0 0.184375 0.36640625 0.112109375 0.484375
1 0.55546875 0.12421875 0.0640625 0.076953125
1 0.8125 0.17265625 0.056640625 0.092578125
1 0.59453125 0.49921875 0.0359375 0.0859375
1 0.321875 0.6703125 0.04921875 0.093359375
1 0.29765625 0.5953125 0.041796875 0.05625
1 0.3140625 0.08203125 0.05 0.090625
1 0.81015625 0.16953125 0.048828125 0.090625
1 0.37890625 0.74609375 0.05 0.101953125
1 0.55703125 0.67109375 0.0875 0.180078125
1 0.378125 0.48046875 0.062109375 0.15
1 0.3796875 0.2671875 0.02890625 0.066015625
1 0.478125 0.05078125 0.034375 0.079296875