0 0.15703125 0.12890625 0.076953125 0.15625
1 0.36328125 0.93671875 0.078125 0.1140625
1 0.14609375 0.71328125 0.036328125 0.0546875
1 0.01484375 0.428125 0.029296875 0.071484375
1 0.35546875 0.371875 0.0375 0.09296875
1 0.46171875 0.3 0.0359375 0.069140625
1 0.18828125 0.28515625 0.0484375 0.084375
1 0.08828125 0.29296875 0.0390625 0.08125
1 0.28828125 0.7625 0.0484375 0.11328125
1 0.428125 0.890625 0.050390625 0.074609375
1 0.55859375 0.54375 0.045703125 0.08046875
1 0.76640625 0.96015625 0.0578125 0.0796875