0 0.80234375 0.2515625 0.0640625 0.37109375
1 0.06640625 0.1328125 0.1328125 0.2625
1 0.41171875 0.21953125 0.04921875 0.09453125
1 0.55078125 0.1203125 0.0359375 0.07421875
1 0.40859375 0.76484375 0.08359375 0.15
1 0.13515625 0.60859375 0.04765625 0.07109375
1 0.46796875 0.3984375 0.034375 0.0625
1 0.65390625 0.13046875 0.0515625 0.10390625
1 0.90625 0.071875 0.07421875 0.14375
1 0.7484375 0.915625 0.1125 0.15390625
1 0.83515625 0.7296875 0.05234375 0.0609375
1 0.946875 0.38125 0.0359375 0.09609375