0 0.52265625 0.49453125 0.275 0.180078125
1 0.68996875 0.5011909734375 0.6949687499999999 0.5354131953125 0.6949687499999999 0.541635415625 0.6927187499999999 0.5523020828125 0.68946875 0.555857640625 0.68671875 0.5638576390625001 0.68646875 0.573190971875 0.6874687500000001 0.5789687515625 0.6917187499999999 0.5847465265625 0.6927187499999999 0.59941319375 0.69746875 0.604746528125 0.70121875 0.6145243046875 0.7069687499999999 0.620302084375 0.71146875 0.6300798609375 0.7150888640625 0.63125 0.72282324375 0.63125 0.72946875 0.6265243046875 0.73571875 0.616302084375 0.73721875 0.6096354171875 0.75471875 0.5905243062500001 0.75721875 0.5803020828125 0.76271875 0.5674131953125 0.76846875 0.5336354156249999 0.77296875 0.5211909734375 0.7765625 0.5061582921875 0.7765625 0.49428973750000005 0.77471875 0.4891909734375 0.77446875 0.48341319374999997 0.68296875 0.48341319374999997 0.68246875 0.49496874999999996 0.68796875 0.49763541718750004 0.68996875 0.5011909734375
1 0.340875 0.681145834375 0.342125 0.6744791671875 0.339375 0.6687013890625 0.333625 0.6633680562500001 0.322625 0.6584791671875 0.313375 0.6584791671875 0.292625 0.6633680562500001 0.286875 0.669590278125 0.28337500000000004 0.6762569453125 0.27337500000000003 0.689145834375 0.270375 0.6958125015625 0.267875 0.70736805625 0.268375 0.733590278125 0.27087500000000003 0.7549236125000001 0.27137500000000003 0.7962569453125 0.271875 0.801145834375 0.277625 0.8118125015625001 0.288875 0.8193680562500001 0.299125 0.8229236125 0.31237499999999996 0.8238125015625 0.325625 0.8202569453124999 0.337125 0.8198125015625 0.342625 0.821590278125 0.3458880203125 0.8265625 0.3466328140625 0.8265625 0.3484375 0.8252791671875 0.3484375 0.7767172625 0.346875 0.7620347234375 0.34387500000000004 0.7500347234375 0.34187500000000004 0.729590278125 0.340875 0.7118125015625 0.34162499999999996 0.69536805625 0.340875 0.681145834375
1 0.5265625 0.18203125 0.36484375 0.3640625
1 0.21640625 0.409375 0.065625 0.06171875
1 0.20078125 0.634375 0.048828125 0.08203125
1 0.30859375 0.73984375 0.079296875 0.155078125
1 0.23984375 0.96171875 0.0515625 0.0765625
1 0.04375 0.8578125 0.040625 0.094140625
1 0.20078125 0.63828125 0.0484375 0.070703125
1 0.7890625 0.7859375 0.05390625 0.10859375
1 0.6984375 0.759375 0.018359375 0.05703125
1 0.56875 0.69609375 0.072265625 0.104296875