1 0.428125 0.30703125 0.1640625 0.27734375
1 0.77890625 0.61796875 0.2578125 0.7140625
1 0.3234375 0.5375 0.1875 0.35859375
1 0.60078125 0.5796875 0.08828125 0.36015625
1 0.29140625 0.92890625 0.17890625 0.1421875
1 0.1359375 0.75703125 0.1140625 0.12109375
1 0.1015625 0.3515625 0.10234375 0.15
1 0.30078125 0.05078125 0.0578125 0.1015625
1 0.571875 0.16171875 0.05 0.0890625
1 0.89921875 0.1125 0.05234375 0.07109375
1 0.85 0.20078125 0.06171875 0.10234375
1 0.76640625 0.0359375 0.0515625 0.071875
1 0.1796875 0.225 0.0921875 0.109375
1 0.16015625 0.05234375 0.19921875 0.1046875
1 0.5828125 0.02734375 0.06796875 0.0546875
1 0.46953125 0.75546875 0.103125 0.346875