0 0.52265625 0.49453125 0.275 0.18046875
1 0.6945 0.5351111109375 0.6945 0.5413333328125 0.69225 0.5519999999999999 0.689 0.5555555562500001 0.68625 0.56355555625 0.686 0.5728888890625 0.687 0.5786666671875 0.6912499999999999 0.58444444375 0.69225 0.5991111109375 0.697 0.6044444437500001 0.70075 0.614222221875 0.7065 0.62 0.7110000000000001 0.629777778125 0.7165 0.63155555625 0.7215 0.63155555625 0.729 0.626222221875 0.73525 0.616 0.73675 0.6093333328125 0.7542500000000001 0.5902222218750001 0.75675 0.58 0.76225 0.5671111109375 0.768 0.5333333328125 0.7725 0.5208888890625001 0.77675 0.5031111109374999 0.7765 0.4951111109375 0.77425 0.4888888890625 0.774 0.4831111109375 0.6825 0.4831111109375 0.682 0.49466666718749996 0.6875 0.49733333281250003 0.6895 0.5008888890625001 0.6945 0.5351111109375
1 0.272 0.8008888890625 0.27775 0.8115555562500001 0.28900000000000003 0.8191111109375001 0.29925 0.8226666671875 0.3125 0.82355555625 0.32575 0.82 0.33725 0.8195555562499999 0.34275 0.8213333328125 0.34625 0.8266666671875 0.34875 0.8248888890625 0.3505 0.8177777781250001 0.34875 0.778222221875 0.34700000000000003 0.761777778125 0.344 0.749777778125 0.34199999999999997 0.7293333328125 0.341 0.71155555625 0.34175 0.6951111109375 0.341 0.6808888890625 0.34225 0.674222221875 0.3395 0.66844444375 0.33375 0.6631111109375001 0.32275 0.658222221875 0.3135 0.658222221875 0.29275 0.6631111109375001 0.28700000000000003 0.6693333328125 0.2835 0.6759999999999999 0.27349999999999997 0.6888888890625 0.2705 0.69555555625 0.268 0.7071111109375 0.2685 0.7333333328125 0.271 0.7546666671875 0.27149999999999996 0.796 0.272 0.8008888890625
1 0.5265625 0.18203125 0.3640625 0.3640625
1 0.21640625 0.409375 0.065625 0.0609375
1 0.20078125 0.634375 0.04921875 0.0828125
1 0.30859375 0.73984375 0.07890625 0.15546875
1 0.23984375 0.96171875 0.0515625 0.0765625
1 0.04375 0.8578125 0.040625 0.09453125
1 0.20078125 0.63828125 0.0484375 0.07109375
1 0.7890625 0.7859375 0.0546875 0.1078125
1 0.6984375 0.759375 0.01796875 0.0578125
1 0.56875 0.69609375 0.07265625 0.10390625