0 0.603125 0.61875 0.053125 0.3640625
1 0.2234375 0.2046875 0.090625 0.13359375
1 0.61171875 0.19375 0.08984375 0.21328125
1 0.796875 0.39375 0.07890625 0.12421875
1 0.84453125 0.509375 0.04453125 0.04765625
1 0.84609375 0.87421875 0.06796875 0.15078125
1 0.34296875 0.93984375 0.0546875 0.07578125
1 0.075 0.47578125 0.06171875 0.10390625
1 0.71640625 0.728125 0.07265625 0.09296875
1 0.059375 0.95 0.06015625 0.09921875
1 0.315625 0.30625 0.06484375 0.12578125
1 0.43359375 0.13671875 0.0421875 0.07890625
1 0.46640625 0.33671875 0.03515625 0.0609375
1 0.46875 0.5140625 0.05078125 0.0890625
1 0.25703125 0.63125 0.02890625 0.0859375
1 0.12734375 0.678125 0.03828125 0.084375
1 0.896875 0.70859375 0.04765625 0.0640625
1 0.89609375 0.58203125 0.0609375 0.0921875
1 0.40078125 0.75078125 0.03046875 0.059375
1 0.72421875 0.05625 0.11484375 0.10390625
1 0.1640625 0.25625 0.1234375 0.234375
1 0.39140625 0.32109375 0.02421875 0.07109375