0 0.15703125 0.12890625 0.07734375 0.15625
1 0.36328125 0.93671875 0.078125 0.1140625
1 0.14609375 0.71328125 0.03671875 0.0546875
1 0.01484375 0.428125 0.02890625 0.07109375
1 0.35546875 0.371875 0.0375 0.0921875
1 0.46171875 0.3 0.0359375 0.06953125
1 0.18828125 0.28515625 0.0484375 0.084375
1 0.08828125 0.29296875 0.0390625 0.08125
1 0.28828125 0.7625 0.0484375 0.1140625
1 0.428125 0.890625 0.05078125 0.07421875
1 0.55859375 0.54375 0.04609375 0.0796875
1 0.76640625 0.96015625 0.0578125 0.0796875